400 0.0 0.0 -35.0 0.9
401 0.0 0.0 -35.0 0.9
402 0.0 0.0 -35.0 0.9
403 0.0 0.0 -35.0 0.9
404 0.0 0.0 -35.0 0.9
405 0.0 0.0 -35.0 0.9
406 0.0 0.0 -35.0 0.9
407 0.0 0.0 -35.0 0.9
408 0.0 0.0 -35.0 0.9
409 0.0 0.0 -35.0 0.9
410 0.0 0.0 -35.0 0.9
411 0.0 0.0 -35.0 0.9
412 0.0 0.0 -35.0 0.9
413 0.0 0.0 -35.0 0.9
414 0.0 0.0 -35.0 0.9
415 0.0 0.0 -35.0 0.9
416 0.0 0.0 -35.0 0.9
417 0.0 0.0 -35.0 0.9
418 0.0 0.0 -35.0 0.9
419 0.0 0.0 -35.0 0.9
420 0.0 0.0 -35.0 0.9
421 0.0 0.0 -35.0 0.9
422 0.0 0.0 -35.0 0.9
423 0.0 0.0 -35.0 0.9
424 0.0 0.0 -35.0 0.9
425 0.0 0.0 -35.0 0.9
426 0.0 0.0 -35.0 0.9
427 0.0 0.0 -35.0 0.9
428 0.0 0.0 -35.0 0.9
429 0.0 0.0 -35.0 0.9
430 0.0 0.0 -35.0 0.9
431 0.0 0.0 -35.0 0.9
432 0.0 0.0 -35.0 0.9
433 0.0 0.0 -35.0 0.9
434 0.0 0.0 -35.0 0.9
435 0.0 0.0 -35.0 0.9
436 0.0 0.0 -35.0 0.9
437 0.0 0.0 -35.0 0.9
438 0.0 0.0 -35.0 0.9
439 0.0 0.0 -35.0 0.9
440 0.0 0.0 -35.0 0.9
441 0.0 0.0 -35.0 0.9
442 0.0 0.0 -35.0 0.9
443 0.0 0.0 -35.0 0.9
444 0.0 0.0 -35.0 0.9
445 0.0 0.0 -35.0 0.9
446 0.0 0.0 -35.0 0.9
447 0.0 0.0 -35.0 0.9
448 0.0 0.0 -35.0 0.9
450 0.0 0.0 -35.0 0.9
451 0.0 0.0 -35.0 0.9
452 0.0 0.0 -35.0 0.9
453 0.0 0.0 -35.0 0.9
454 0.0 0.0 -35.0 0.9
455 0.0 0.0 -35.0 0.9
456 0.0 0.0 -35.0 0.9
457 0.0 0.0 -35.0 0.9
458 0.0 0.0 -35.0 0.9
459 0.0 0.0 -35.0 0.9
460 0.0 0.0 -35.0 0.9
461 0.0 0.0 -35.0 0.9
462 0.0 0.0 -35.0 0.9
463 0.0 0.0 -35.0 0.9
464 0.0 0.0 -35.0 0.9
465 0.0 0.0 -35.0 0.9
466 0.0 0.0 -35.0 0.9
467 0.0 0.0 -35.0 0.9
468 0.0 0.0 -35.0 0.9
469 0.0 0.0 -35.0 0.9
470 0.0 0.0 -35.0 0.9
471 0.0 0.0 -35.0 0.9
472 0.0 0.0 -35.0 0.9
473 0.0 0.0 -35.0 0.9
474 0.0 0.0 -35.0 0.9
475 0.0 0.0 -35.0 0.9
476 0.0 0.0 -35.0 0.9
477 0.0 0.0 -35.0 0.9
478 0.0 0.0 -35.0 0.9
479 0.0 0.0 -35.0 0.9
480 0.0 0.0 -35.0 0.9
481 0.0 0.0 -35.0 0.9
482 0.0 0.0 -35.0 0.9
483 0.0 0.0 -35.0 0.9
484 0.0 0.0 -35.0 0.9
485 0.0 0.0 -35.0 0.9
486 0.0 0.0 -35.0 0.9
487 0.0 0.0 -35.0 0.9
488 0.0 0.0 -35.0 0.9
489 0.0 0.0 -35.0 0.9
490 0.0 0.0 -35.0 0.9
491 0.0 0.0 -35.0 0.9
492 0.0 0.0 -35.0 0.9
493 0.0 0.0 -35.0 0.9
494 0.0 0.0 -35.0 0.9
495 0.0 0.0 -35.0 0.9
496 0.0 0.0 -35.0 0.9
497 0.0 0.0 -35.0 0.9
498 0.0 0.0 -35.0 0.9
499 0.0 0.0 -35.0 0.9
500 0.0 0.0 -35.0 0.9
501 0.0 0.0 -35.0 0.9
502 0.0 0.0 -35.0 0.9
503 0.0 0.0 -35.0 0.9
504 0.0 0.0 -35.0 0.9
505 0.0 0.0 -35.0 0.9
506 0.0 0.0 -35.0 0.9
507 0.0 0.0 -35.0 0.9
508 0.0 0.0 -35.0 0.9
509 0.0 0.0 -35.0 0.9
510 0.0 0.0 -35.0 0.9
511 0.0 0.0 -35.0 0.9
512 0.0 0.0 -35.0 0.9
513 0.0 0.0 -35.0 0.9
514 0.0 0.0 -35.0 0.9
515 0.0 0.0 -35.0 0.9
516 0.0 0.0 -35.0 0.9
517 0.0 0.0 -35.0 0.9
518 0.0 0.0 -35.0 0.9
519 0.0 0.0 -35.0 0.9
520 0.0 0.0 -35.0 0.9
521 0.0 0.0 -35.0 0.9
522 0.0 0.0 -35.0 0.9
523 0.0 0.0 -35.0 0.9
524 0.0 0.0 -35.0 0.9
525 0.0 0.0 -35.0 0.9
526 0.0 0.0 -35.0 0.9
527 0.0 0.0 -35.0 0.9
528 0.0 0.0 -35.0 0.9
529 0.0 0.0 -35.0 0.9
530 0.0 0.0 -35.0 0.9
531 0.0 0.0 -35.0 0.9
532 0.0 0.0 -35.0 0.9
533 0.0 0.0 -35.0 0.9
534 0.0 0.0 -35.0 0.9
535 0.0 0.0 -35.0 0.9
536 0.0 0.0 -35.0 0.9
539 0.0 0.0 -35.0 0.9
540 0.0 0.0 -35.0 0.9
541 0.0 0.0 -35.0 0.9
542 0.0 0.0 -35.0 0.9
543 0.0 0.0 -35.0 0.9
544 0.0 0.0 -35.0 0.9
545 0.0 0.0 -35.0 0.9
546 0.0 0.0 -35.0 0.9
547 0.0 0.0 -35.0 0.9
548 0.0 0.0 -35.0 0.9
549 0.0 0.0 -35.0 0.9
550 0.0 0.0 -35.0 0.9
551 0.0 0.0 -35.0 0.9
552 0.0 0.0 -35.0 0.9
553 0.0 0.0 -35.0 0.9
554 0.0 0.0 -35.0 0.9
555 0.0 0.0 -35.0 0.9
556 0.0 0.0 -35.0 0.9
557 0.0 0.0 -35.0 0.9
558 0.0 0.0 -35.0 0.9
559 0.0 0.0 -35.0 0.9
560 0.0 0.0 -35.0 0.9
561 0.0 0.0 -35.0 0.9
562 0.0 0.0 -35.0 0.9
563 0.0 0.0 -35.0 0.9
564 0.0 0.0 -35.0 0.9
565 0.0 0.0 -35.0 0.9
566 0.0 0.0 -35.0 0.9
567 0.0 0.0 -35.0 0.9
568 0.0 0.0 -35.0 0.9
571 0.0 0.0 -35.0 0.9
572 0.0 0.0 -35.0 0.9
573 0.0 0.0 -35.0 0.9
574 0.0 0.0 -35.0 0.9
575 0.0 0.0 -35.0 0.9
576 0.0 0.0 -35.0 0.9
577 0.0 0.0 -35.0 0.9
578 0.0 0.0 -35.0 0.9
579 0.0 0.0 -35.0 0.9
580 0.0 0.0 -35.0 0.9
581 0.0 0.0 -35.0 0.9
582 0.0 0.0 -35.0 0.9
583 0.0 0.0 -35.0 0.9
584 0.0 0.0 -35.0 0.9
585 0.0 0.0 -35.0 0.9
586 0.0 0.0 -35.0 0.9
587 0.0 0.0 -35.0 0.9
588 0.0 0.0 -35.0 0.9
589 0.0 0.0 -35.0 0.9
590 0.0 0.0 -35.0 0.9
591 0.0 0.0 -35.0 0.9
592 0.0 0.0 -35.0 0.9
593 0.0 0.0 -35.0 0.9
594 0.0 0.0 -35.0 0.9
595 0.0 0.0 -35.0 0.9
596 0.0 0.0 -35.0 0.9
597 0.0 0.0 -35.0 0.9
598 0.0 0.0 -35.0 0.9
599 0.0 0.0 -35.0 0.9
600 0.0 0.0 -35.0 0.9
601 0.0 0.0 -35.0 0.9
602 0.0 0.0 -35.0 0.9
603 0.0 0.0 -35.0 0.9
604 0.0 0.0 -35.0 0.9
605 0.0 0.0 -35.0 0.9
606 0.0 0.0 -35.0 0.9
607 0.0 0.0 -35.0 0.9
608 0.0 0.0 -35.0 0.9
609 0.0 0.0 -35.0 0.9
610 0.0 0.0 -35.0 0.9
611 0.0 0.0 -35.0 0.9