400 0.0 0.0 -35.0 0.9
400 0.0 0.0 -35.0 0.9
401 0.0 0.0 -35.0 0.9
402 0.0 0.0 -35.0 0.9
403 0.0 0.0 -35.0 0.9
404 0.0 0.0 -35.0 0.9
405 0.0 0.0 -35.0 0.9
410 0.0 0.0 -35.0 0.9
412 0.0 0.0 -35.0 0.9
413 0.0 0.0 -35.0 0.9
414 0.0 0.0 -35.0 0.9
418 0.0 0.0 -35.0 0.9
419 0.0 0.0 -35.0 0.9
420 0.0 0.0 -35.0 0.9
421 0.0 0.0 -35.0 0.9
422 0.0 0.0 -35.0 0.9
423 0.0 0.0 -35.0 0.9
426 0.0 0.0 -35.0 0.9
436 0.0 0.0 -35.0 0.9
438 0.0 0.0 -35.0 0.9
439 0.0 0.0 -35.0 0.9
440 0.0 0.0 -35.0 0.9
442 0.0 0.0 -35.0 0.9
445 0.0 0.0 -35.0 0.9
447 0.0 0.0 -35.0 0.9
448 0.0 0.0 -35.0 0.9
453 0.0 0.0 -35.0 0.9
454 0.0 0.0 -35.0 0.9
455 0.0 0.0 -35.0 0.9
456 0.0 0.0 -35.0 0.9
457 0.0 0.0 -35.0 0.9
458 0.0 0.0 -35.0 0.9
459 0.0 0.0 -35.0 0.9
460 0.0 0.0 -35.0 0.9
461 0.0 0.0 -35.0 0.9
462 0.0 0.0 -35.0 0.9
463 0.0 0.0 -35.0 0.9
466 0.0 0.0 -35.0 0.9
467 0.0 0.0 -35.0 0.9
468 0.0 0.0 -35.0 0.9
471 0.0 0.0 -35.0 0.9
473 0.0 0.0 -35.0 0.9
474 0.0 0.0 -35.0 0.9
475 0.0 0.0 -35.0 0.9
477 0.0 0.0 -35.0 0.9
478 0.0 0.0 -35.0 0.9
479 0.0 0.0 -35.0 0.9
480 0.0 0.0 -35.0 0.9
481 0.0 0.0 -35.0 0.9
483 0.0 0.0 -35.0 0.9
489 0.0 0.0 -35.0 0.9
491 0.0 0.0 -35.0 0.9
492 0.0 0.0 -35.0 0.9
496 0.0 0.0 -35.0 0.9
498 0.0 0.0 -35.0 0.9
499 0.0 0.0 -35.0 0.9
500 0.0 0.0 -35.0 0.9
506 0.0 0.0 -35.0 0.9
507 0.0 0.0 -35.0 0.9
508 0.0 0.0 -35.0 0.9
509 0.0 0.0 -35.0 0.9
515 0.0 0.0 -35.0 0.9
516 0.0 0.0 -35.0 0.9
517 0.0 0.0 -35.0 0.9
518 0.0 0.0 -35.0 0.9
524 0.0 0.0 -35.0 0.9
525 0.0 0.0 -35.0 0.9
526 0.0 0.0 -35.0 0.9
527 0.0 0.0 -35.0 0.9
529 0.0 0.0 -35.0 0.9
531 0.0 0.0 -35.0 0.9
532 0.0 0.0 -35.0 0.9
533 0.0 0.0 -35.0 0.9
534 0.0 0.0 -35.0 0.9
535 0.0 0.0 -35.0 0.9
536 0.0 0.0 -35.0 0.9
540 0.0 0.0 -35.0 0.9
542 0.0 0.0 -35.0 0.9
543 0.0 0.0 -35.0 0.9
545 0.0 0.0 -35.0 0.9
546 0.0 0.0 -35.0 0.9
547 0.0 0.0 -35.0 0.9
549 0.0 0.0 -35.0 0.9
550 0.0 0.0 -35.0 0.9
551 0.0 0.0 -35.0 0.9
552 0.0 0.0 -35.0 0.9
554 0.0 0.0 -35.0 0.9
558 0.0 0.0 -35.0 0.9
559 0.0 0.0 -35.0 0.9
560 0.0 0.0 -35.0 0.9
561 0.0 0.0 -35.0 0.9
562 0.0 0.0 -35.0 0.9
565 0.0 0.0 -35.0 0.9
566 0.0 0.0 -35.0 0.9
567 0.0 0.0 -35.0 0.9
573 0.0 0.0 -35.0 0.9
576 0.0 0.0 -35.0 0.9
578 0.0 0.0 -35.0 0.9
579 0.0 0.0 -35.0 0.9
580 0.0 0.0 -35.0 0.9
581 0.0 0.0 -35.0 0.9
585 0.0 0.0 -35.0 0.9
586 0.0 0.0 -35.0 0.9
587 0.0 0.0 -35.0 0.9
588 0.0 0.0 -35.0 0.9
589 0.0 0.0 -35.0 0.9
600 0.0 0.0 -35.0 0.9
602 0.0 0.0 -35.0 0.9
603 0.0 0.0 -35.0 0.9